id,predict_0,predict_1,predict_2
11066,0.98854606,0.010252085,0.001201855
18000,0.235799647,0.097356963,0.666843389
16964,0.998945505,0.000973545,8.09506E-05
4795,0.86918492,0.130033164,0.000781917
3392,0.5649341,0.180014644,0.255051255
3795,0.603350677,0.394748415,0.001900908
2881,0.942912137,0.056672941,0.000414922
1903,0.298412909,0.100189324,0.601397768
5245,0.923382374,0.073120025,0.003497599
6726,0.970431979,0.028725201,0.00084282
1311,0.926492409,0.073220028,0.000287564
15795,0.18831821,0.811438604,0.000243187
4315,0.949415023,0.047463544,0.003121433
3393,0.241113571,0.296066232,0.462820197
6764,0.829700443,0.097654363,0.072645194
13039,0.774974048,0.224764814,0.000261137
12331,0.615775661,0.075336457,0.308887881
14276,0.319918054,0.466143641,0.213938304
14638,0.832644306,0.16701811,0.000337583
6573,0.994889153,0.004683034,0.000427814
2222,0.466919416,0.016080508,0.517000076
8824,0.990452803,0.009179966,0.000367231
6360,0.949605109,0.048386687,0.002008205
7553,0.57024856,0.129965456,0.299785985
13760,0.35911625,0.583647861,0.057235891
4284,0.773614519,0.180035827,0.046349654
1356,0.989959413,0.007252565,0.002788021
3410,0.982221004,0.006227909,0.011551085
4830,0.229416893,0.759324802,0.011258306
8998,0.347944618,0.648807649,0.003247733
18052,0.986552454,0.013351704,9.58353E-05
7539,0.932042483,0.0671039,0.000853617
9529,0.94354301,0.030640393,0.025816598
3656,0.806190819,0.19243823,0.00137095
14238,0.678875921,0.090332941,0.230791138
2682,0.704267972,0.29544149,0.000290538
7312,0.504855343,0.486902368,0.00824229
12971,0.751573325,0.21088147,0.037545205
10735,0.85839744,0.141329556,0.000273001
4050,0.703889476,0.28805989,0.008050636
5943,0.969442566,0.03039832,0.000159117
6482,0.682233214,0.317427125,0.000339662
9746,0.36216474,0.051262598,0.586572663
13320,0.365243972,0.019676149,0.615079878
803,0.794766037,0.201823161,0.003410802
15437,0.967226055,0.024843542,0.007930405
12302,0.994911209,0.004612355,0.000476437
12271,0.903315122,0.096034902,0.000649976
5341,0.92620785,0.014055466,0.059736684
4427,0.993905268,0.005266563,0.000828169
529,0.906599307,0.046582785,0.046817909
2022,0.989749456,0.008158151,0.002092394
14625,0.989285821,0.010499505,0.000214675
2922,0.126010847,0.696307915,0.177681237
16330,0.129544844,0.385907804,0.484547352
12890,0.934108379,0.064108685,0.001782934
2140,0.321200404,0.678318719,0.000480877
13484,0.789907659,0.20936627,0.000726072
12392,0.935140626,0.064721575,0.0001378
2322,0.472244978,0.108599588,0.419155433
567,0.188245919,0.067661549,0.744092532
4436,0.738587136,0.253643458,0.007769407
12156,0.997418264,0.00235392,0.000227816
7508,0.460282774,0.537380491,0.002336736
6184,0.722550084,0.164828154,0.112621762
12213,0.943623836,0.017098871,0.039277292
6458,0.163639915,0.468364344,0.36799574
13967,0.887138469,0.109067437,0.003794095
894,0.639650409,0.3417971,0.018552492
7461,0.140477014,0.525299043,0.334223941
8949,0.897957966,0.097374883,0.004667151
3477,0.382674966,0.607268362,0.010056674
2779,0.982805953,0.016452779,0.000741266
13551,0.357076103,0.537185286,0.105738611
8297,0.923503522,0.075917947,0.00057853
5050,0.481304245,0.510134411,0.008561345
10716,0.672129683,0.326786133,0.001084182
16075,0.803580084,0.187401415,0.009018502
1366,0.312558069,0.685518717,0.001923214
774,0.997721185,0.002118806,0.000159999
7406,0.389783815,0.606395279,0.003820904
2526,0.394306783,0.498447196,0.107246022
9649,0.912177193,0.087319056,0.000503749
16115,0.372967842,0.383972491,0.243059668
14749,0.489052333,0.161661212,0.349286455
14952,0.830786907,0.126290085,0.042923008
4786,0.153977086,0.269364901,0.576658013
16513,0.88754717,0.110652847,0.001799982
2002,0.998514412,0.000868132,0.000617457
4701,0.68844663,0.306815406,0.004737964
7742,0.895455821,0.035642664,0.068901515
5905,0.841186775,0.155870837,0.002942388
685,0.72597007,0.174066045,0.099963886
11857,0.821078322,0.17870485,0.000216826
11628,0.441249445,0.269483987,0.289266568
15024,0.864076228,0.13457584,0.001347932
4168,0.97581551,0.014810554,0.009373936
11914,0.542247163,0.430220897,0.02753194
5293,0.992292381,0.007427596,0.000280022
3374,0.290596497,0.709060277,0.000343227
13055,0.997362241,0.002163462,0.000474297
17759,0.257620352,0.739086092,0.003293557
590,0.917995368,0.080848272,0.00115636
1353,0.955519006,0.044374732,0.000106254
11938,0.029419118,0.077436081,0.893144801
1018,0.224979566,0.462088263,0.31293217
14945,0.766833026,0.232108097,0.001058879
1001,0.878564114,0.120109257,0.001326629
3587,0.825271051,0.168099842,0.006629108
868,0.996184144,0.003492238,0.000323622
9296,0.154254235,0.050752788,0.794992978
12455,0.927058461,0.072483957,0.000457584
17132,0.84214185,0.153578929,0.004279222
10240,0.988447351,0.001105572,0.010447078
3696,0.095841645,0.305142206,0.599016149
10355,0.35457996,0.64163441,0.003785631
2206,0.295312286,0.702901679,0.001786035
14590,0.997396793,0.001753182,0.000850024
13191,0.83752953,0.161722853,0.000747619
5882,0.951698308,0.048184162,0.000117536
12653,0.540932511,0.458728094,0.000339396
1491,0.496790055,0.50002073,0.003189216
1176,0.476902374,0.519846139,0.003251488
11246,0.464593602,0.073013629,0.46239277
14557,0.603148235,0.333200343,0.063651424
4772,0.090176888,0.508079618,0.401743493
17192,0.533184936,0.466554971,0.000260094
10637,0.767958132,0.229510666,0.002531203
3281,0.684608557,0.307875548,0.007515894
3191,0.616487472,0.341112539,0.04239999
672,0.985303418,0.0144147,0.000281882
6301,0.862264928,0.136910315,0.000824758
10309,0.979270119,0.020584811,0.000145066
1734,0.660405384,0.338476972,0.001117645
2990,0.215242767,0.765245358,0.019511876
5746,0.565736292,0.421404963,0.012858745
15289,0.785415205,0.21303042,0.001554376
2971,0.998873681,0.001033937,9.23808E-05
9771,0.795373117,0.139116762,0.06551012
11253,0.366735814,0.626151879,0.007112307
14576,0.531856156,0.456971908,0.011171936
4688,0.362030468,0.241995872,0.395973661
14469,0.840792861,0.158379754,0.000827383
9298,0.966519662,0.015902186,0.017578152
16099,0.374671457,0.61133354,0.013995004
17316,0.261697016,0.416226346,0.322076639
15212,0.999081932,0.000617673,0.000300394
10691,0.963857575,0.008599604,0.027542823
3805,0.998021951,0.001659596,0.000318449
6418,0.217096094,0.772639276,0.010264632
1158,0.739479061,0.259175985,0.001344954
7768,0.994398848,0.004573092,0.001028061
4834,0.076727017,0.017869477,0.905403506
10914,0.393616702,0.605963626,0.000419673
14606,0.633779048,0.358588044,0.007632908
3220,0.628811001,0.209200882,0.161988118
10433,0.965416663,0.032783015,0.001800323
11251,0.536732712,0.297429452,0.165837835
8084,0.866948498,0.132652857,0.000398645
522,0.963892926,0.032600425,0.003506648
17299,0.636565894,0.360958668,0.002475439
15587,0.786071205,0.127749665,0.086179128
1563,0.365350775,0.096661592,0.537987633
8252,0.903407253,0.09113371,0.005459038
17802,0.273576743,0.316085082,0.410338175
2738,0.968591224,0.03053084,0.000877936
9896,0.828592491,0.169490828,0.001916682
14609,0.992123987,0.006639322,0.00123669
10463,0.996327945,0.003325244,0.000346812
1280,0.221337808,0.441526923,0.337135269
977,0.345130388,0.455527813,0.199341801
979,0.368739768,0.575592889,0.055667342
10908,0.992230275,0.007568239,0.000201486
12569,0.360082267,0.49902136,0.140896372
6078,0.285651906,0.055678154,0.65866994
18339,0.999258379,0.000514396,0.000227223
13799,0.358556079,0.600981035,0.040462889
7193,0.301153237,0.065710907,0.633135855
8243,0.789553953,0.207476818,0.002969229
13622,0.998069763,0.001374018,0.000556219
5885,0.872324248,0.127346698,0.000329054
5768,0.904944424,0.031015137,0.064040439
632,0.695585647,0.287384578,0.017029776
3314,0.995850009,0.002781998,0.001367995
3664,0.63964452,0.337248303,0.023107178
18518,0.911182903,0.086820175,0.001996921
7687,0.996801547,0.002708498,0.000489955
17889,0.327966437,0.5934747,0.078558863
12943,0.870538021,0.051270233,0.078191746
3581,0.985103213,0.014660105,0.000236682
13802,0.75956765,0.238961154,0.001471197
17702,0.144726578,0.854170281,0.001103141
12342,0.998762261,0.000891375,0.000346363
11185,0.984533228,0.014149662,0.001317111
15675,0.960815023,0.038673335,0.000511641
6716,0.814897589,0.177841291,0.00726112
17790,0.208415535,0.791058618,0.000525848
17791,0.506159101,0.479665536,0.014175361
6145,0.925033304,0.074735837,0.000230858
18237,0.32538452,0.671652453,0.002963026
10523,0.387119607,0.60630748,0.006572912
4356,0.763348774,0.203045069,0.033606158
7482,0.670746659,0.328465442,0.0007879
5856,0.783362516,0.155166802,0.061470682
5011,0.384945223,0.217548386,0.397506391
15872,0.995882541,0.003257352,0.000860105
6609,0.556748733,0.438721598,0.00452967
995,0.927702117,0.033666736,0.038631146
4680,0.981383011,0.012951981,0.005665006
18327,0.637975083,0.260660383,0.101364534
8484,0.463740137,0.535067614,0.001192249
16968,0.635469035,0.350984155,0.013546809
8305,0.965193744,0.033500262,0.001305993
7012,0.905464316,0.094304468,0.000231216
13465,0.12039441,0.453073666,0.426531924
8375,0.976522758,0.022999353,0.000477889
15629,0.431561278,0.556600931,0.011837793
12296,0.998332258,0.001548544,0.000119198
458,0.756235352,0.141565917,0.102198733
18124,0.283336599,0.381922112,0.334741289
4430,0.168969798,0.564866404,0.266163799
14443,0.253886977,0.730800408,0.015312613
15275,0.866340812,0.01652147,0.11713772
4470,0.366956465,0.121063705,0.511979831
13831,0.941372319,0.056426349,0.002201332
7696,0.929578764,0.007569323,0.062851913
15172,0.728962831,0.078782452,0.192254717
16647,0.843635237,0.148568366,0.007796397
14209,0.3101886,0.672076002,0.017735397
18121,0.910984417,0.088023592,0.000991994
12144,0.496171348,0.503367468,0.000461184
800,0.988902596,0.011038302,5.91083E-05
13200,0.444337434,0.550830979,0.004831585
5724,0.108119409,0.096525803,0.79535479
15722,0.725222371,0.12136752,0.153410108
6660,0.924557397,0.075276467,0.000166135
8394,0.979683769,0.02021966,9.65864E-05
5554,0.68200807,0.291989424,0.026002508
10381,0.960145723,0.038897038,0.00095724
15783,0.938733331,0.060282275,0.000984392
10907,0.583590943,0.410102429,0.006306629
11455,0.998079921,0.001893915,2.61667E-05
5992,0.230622042,0.502018384,0.267359577
16564,0.12135766,0.141911583,0.736730756
7933,0.323469188,0.501802618,0.174728193
16008,0.930780635,0.069100479,0.000118884
7265,0.402285038,0.570415891,0.027299073
11095,0.354268353,0.645405117,0.000326529
2181,0.338285774,0.346946126,0.314768101
8845,0.738362997,0.246028837,0.015608165
13617,0.424739117,0.574332154,0.000928728
17228,0.960135141,0.038468117,0.001396743
16321,0.99473947,0.005009945,0.000250586
14851,0.971755536,0.006734387,0.021510076
9613,0.962894888,0.036344197,0.000760914
3121,0.976334857,0.022530026,0.00113512
4840,0.998092848,0.000864804,0.001042347
18216,0.486552961,0.507972907,0.005474131
17113,0.502555195,0.495914404,0.001530403
4775,0.909502228,0.028514598,0.061983175
14105,0.968644609,0.024318729,0.007036663
4993,0.39788304,0.596623927,0.005493032
8901,0.725577038,0.048540254,0.225882707
15443,0.813010141,0.184841717,0.002148141
435,0.981731716,0.018221484,0.0000468
4595,0.145425836,0.831581973,0.022992192
14503,0.760593686,0.239228503,0.000177811
2191,0.227313881,0.766471148,0.00621497
2163,0.905086985,0.093413327,0.001499687
9987,0.998641758,0.001116283,0.000241961
16234,0.496374682,0.318769296,0.184856022
3834,0.305065208,0.134995196,0.559939597
13133,0.508419437,0.490958055,0.000622508
13909,0.416282643,0.202163194,0.381554162
9952,0.566373653,0.377611102,0.056015245
3666,0.253697072,0.745920736,0.000382193
6072,0.962874113,0.033304818,0.003821069
2936,0.224936055,0.236752614,0.538311333
6497,0.81388931,0.1636363,0.02247439
5645,0.924698132,0.073232875,0.002068994
15476,0.685684935,0.232430816,0.081884251
8472,0.999012892,0.000740849,0.000246261
15687,0.527780991,0.471862594,0.000356415
10682,0.968428679,0.031446994,0.000124315
10772,0.849825463,0.146936344,0.003238192
8156,0.447117882,0.213701433,0.339180685
10436,0.703735467,0.05425161,0.242012923
16827,0.971992221,0.026726604,0.001281174
12299,0.114725654,0.548148668,0.33712568
9258,0.331336164,0.29323529,0.375428545
4759,0.619641256,0.380057903,0.000300842
8989,0.608495581,0.362058748,0.029445669
14823,0.998882272,0.000861919,0.000255809
17270,0.557631484,0.404460669,0.037907848
2005,0.980052586,0.017634433,0.00231298
15757,0.892461987,0.106843862,0.00069415
14476,0.759721877,0.2398519,0.000426224
17243,0.305410887,0.599224266,0.095364846
3908,0.852965119,0.146015724,0.001019156
781,0.963725763,0.011782697,0.024491539
5398,0.693873016,0.162323259,0.143803725
2687,0.623099293,0.284829816,0.09207089
5017,0.939416805,0.037251963,0.023331233
140,0.878030874,0.10735223,0.014616895
14897,0.969744038,0.025705057,0.004550905
1487,0.498706681,0.429019304,0.072274015
18371,0.999165061,0.000662527,0.000172411
10170,0.906404447,0.026566899,0.067028654
3464,0.742028007,0.142839655,0.115132337
1535,0.908108524,0.087690303,0.004201174
1442,0.88328245,0.114013671,0.00270388
7249,0.605777861,0.389635357,0.004586783
17510,0.210259389,0.783219079,0.006521533
418,0.997625283,0.00172474,0.000649974
16274,0.15321625,0.406597174,0.440186576
12497,0.790433814,0.188695567,0.020870619
17309,0.949697115,0.043594779,0.006708107
3891,0.933814205,0.044664324,0.021521472
8437,0.974101517,0.024650409,0.001248073
9950,0.805837712,0.192342173,0.001820113
5316,0.931380379,0.063107913,0.005511707
12979,0.80902512,0.188907849,0.00206703
14648,0.749036024,0.249785043,0.001178934
8194,0.9853206,0.011713329,0.002966071
10386,0.440932111,0.382894303,0.176173587
12749,0.140338426,0.469761273,0.3899003
16508,0.991262914,0.008542152,0.000194939
16386,0.882764337,0.11712332,0.000112344
12933,0.758465636,0.240602289,0.000932075
2830,0.844921155,0.153899101,0.001179743
11528,0.618758264,0.380580692,0.000661043
15904,0.97857856,0.021047091,0.000374349
16390,0.576877199,0.421682524,0.001440276
14036,0.99639107,0.002900099,0.000708833
17215,0.996830132,0.002753165,0.000416703
14404,0.858022542,0.141894705,8.27438E-05
12101,0.109254234,0.293947351,0.596798415
10812,0.289625016,0.700601311,0.009773672
4374,0.998844213,0.000880125,0.000275657
9719,0.191250764,0.801736359,0.007012878
8520,0.662854649,0.246987759,0.090157592
15621,0.708540138,0.052499641,0.238960222
7173,0.113055003,0.587288562,0.299656436
7544,0.380258909,0.444199838,0.175541254
7253,0.527880087,0.432929755,0.039190157
16731,0.597017804,0.400048652,0.002933545
17278,0.219204416,0.778088066,0.002707519
16327,0.885429729,0.114325443,0.000244828
15845,0.980700813,0.012983301,0.006315885
6750,0.199733827,0.186740069,0.613526104
7674,0.90316999,0.095267794,0.001562217
17416,0.265351543,0.66723409,0.067414365
9050,0.426813355,0.460997084,0.112189561
8931,0.371658666,0.4685104,0.159830933
13146,0.240331527,0.417624446,0.342044027
11584,0.897800241,0.101723866,0.000475894
8322,0.990351258,0.009595355,0.0000534
16067,0.696729619,0.30119648,0.0020739
11438,0.884788599,0.110702925,0.004508475
677,0.437824064,0.560801034,0.001374902
7475,0.778502685,0.220631807,0.000865507
13400,0.758867312,0.201413583,0.039719107
10255,0.991036078,0.008895552,6.83748E-05
17987,0.986773968,0.013122185,0.000103841
13651,0.080354343,0.344373369,0.575272288
8226,0.954606506,0.037174308,0.008219186
7643,0.78860372,0.207388981,0.004007297
10318,0.067778972,0.058346137,0.873874891
12382,0.857536366,0.047969061,0.094494573
2912,0.157004503,0.395745724,0.447249773
2254,0.102254686,0.530861847,0.366883467
13110,0.951219568,0.046445314,0.002335117
8355,0.434365864,0.283421972,0.282212165
10753,0.832088384,0.162346335,0.005565282
17974,0.324093104,0.269481176,0.406425721
7588,0.980075785,0.012568322,0.007355892
3209,0.955432834,0.013238365,0.031328802
16325,0.854262713,0.145005274,0.000732013
12009,0.95919385,0.038870925,0.001935224
7141,0.092879234,0.901678262,0.005442506
7584,0.199817655,0.577904758,0.222277588
171,0.227455706,0.772149585,0.000394709
14412,0.980644933,0.009607036,0.009748032
16111,0.307275308,0.692351923,0.000372768
17959,0.946391786,0.053505277,0.000102949
401,0.879708646,0.114070042,0.006221311
16571,0.298155747,0.67993426,0.021909994
3294,0.240348235,0.757694043,0.001957724
16220,0.387800738,0.262305243,0.34989402
2404,0.993501333,0.006189849,0.000308817
11002,0.44243738,0.555941732,0.001620887
372,0.644026005,0.346404385,0.00956961
15477,0.936980411,0.012749018,0.05027057
41,0.679227942,0.320496787,0.00027527
8671,0.997996146,0.001868252,0.000135601
8129,0.681734778,0.233092619,0.085172601
14683,0.968218268,0.031080972,0.000700759
9873,0.98897694,0.010425147,0.000597914
13577,0.995070523,0.0047933,0.000136166
16132,0.998313729,0.001447429,0.000238838
10100,0.975224442,0.024217506,0.000558051
5629,0.487150299,0.486482496,0.026367207
16618,0.587770403,0.407394443,0.004835156
16876,0.245422771,0.581556406,0.173020824
16036,0.998024857,0.00169758,0.000277563
9322,0.555729136,0.155875433,0.288395429
8549,0.980866414,0.017207424,0.001926162
18132,0.994990823,0.004761313,0.000247864
13487,0.707106494,0.282923902,0.009969605
6904,0.582664667,0.362971991,0.05436334
2799,0.660865376,0.336073445,0.00306118
9694,0.152381489,0.181567537,0.666050974
4417,0.315536793,0.683894525,0.000568683
1494,0.950943412,0.022013492,0.027043098
13929,0.090999121,0.538915971,0.370084908
6530,0.454163316,0.544824818,0.001011866
2483,0.963467235,0.025007146,0.011525619
3301,0.707306429,0.292370096,0.000323475
11323,0.974420907,0.025446966,0.000132128
1237,0.700856779,0.2935468,0.00559642
1747,0.780376653,0.21873448,0.000888868
2655,0.875597182,0.114577124,0.009825694
16310,0.458637717,0.469844709,0.071517574
4173,0.883771202,0.113831003,0.002397796
17613,0.725683758,0.271871963,0.002444279
18062,0.998781011,0.000831783,0.000387206
4109,0.158639943,0.840988038,0.000372019
15881,0.998363506,0.001300411,0.000336086
17020,0.989336625,0.010400438,0.000262936
7642,0.817402208,0.147830774,0.034767018
9464,0.867276095,0.131400293,0.001323612
22,0.991097339,0.008689395,0.000213266
16394,0.589432243,0.409516264,0.001051493
12854,0.280398188,0.335183319,0.384418494
5073,0.48052033,0.50952924,0.00995043
2069,0.965614282,0.032936018,0.001449701
8545,0.934690763,0.064502452,0.000806787
10775,0.294298804,0.68634602,0.019355176
9744,0.862290981,0.137372473,0.000336545
17138,0.896279368,0.017172126,0.086548505
16619,0.99485024,0.005046623,0.000103139
195,0.786368518,0.211538713,0.002092769
10258,0.13289396,0.859447954,0.007658086
4347,0.769027291,0.227645522,0.003327186
17587,0.628296989,0.328128001,0.043575011
3019,0.310976129,0.674902277,0.014121593
18552,0.997858438,0.001727452,0.000414108
13223,0.866540434,0.132748222,0.000711344
7856,0.930576977,0.064514867,0.004908155
9830,0.81800152,0.18179679,0.000201691
10965,0.766842935,0.232705284,0.00045178
4677,0.032657702,0.351598775,0.615743524
12176,0.049898285,0.58491461,0.365187107
15210,0.570946334,0.426659034,0.002394632
3764,0.840670221,0.15778853,0.001541249
16846,0.399936227,0.592529067,0.007534708
771,0.182484553,0.498993639,0.318521809
13019,0.082812706,0.204752445,0.712434847
252,0.561294747,0.404487361,0.03421789
11064,0.393594154,0.606066586,0.000339259
18221,0.651872809,0.345156033,0.00297116
11502,0.920821745,0.077173718,0.002004535
14392,0.859140843,0.140592425,0.000266732
9541,0.478208514,0.359725236,0.16206625
3206,0.502389148,0.470327866,0.027282985
1994,0.706481551,0.078376611,0.215141841
17294,0.531473807,0.464682107,0.003844086
344,0.99913297,0.000575358,0.000291671
15404,0.995424036,0.00440583,0.00017013
521,0.859554528,0.139669754,0.000775718
876,0.998306308,0.001245828,0.000447862
7671,0.147535342,0.852146461,0.000318197
3351,0.99868754,0.001174959,0.000137498
11771,0.996009941,0.003012962,0.000977098
1511,0.252763298,0.070289005,0.676947696
9265,0.732697588,0.262441162,0.004861248
7982,0.928944208,0.070948072,0.000107714
14175,0.782067549,0.189626064,0.028306387
10039,0.974033899,0.022889284,0.003076818
14091,0.647179304,0.348850956,0.00396974
16518,0.995141757,0.004822812,3.54417E-05
10022,0.992641985,0.005777996,0.001580018
11564,0.910198372,0.060557102,0.029244525
7125,0.80502799,0.190201491,0.00477052
13985,0.322890174,0.67682342,0.000286407
16442,0.594879968,0.40465761,0.000462422
8894,0.95835101,0.04139204,0.000256952
12070,0.944243425,0.046835915,0.008920659
5222,0.421173308,0.577136821,0.00168987
5035,0.2432969,0.425157567,0.331545533
11720,0.995354589,0.004516648,0.000128759
2902,0.372714336,0.39316332,0.234122346
16663,0.955245488,0.032261574,0.012492938
5322,0.658247484,0.329206184,0.012546331
18013,0.260062442,0.396460015,0.343477543
7204,0.994031151,0.005926309,4.25417E-05
5241,0.820803856,0.046852682,0.132343461
10289,0.856259138,0.140633466,0.003107395
2841,0.921860239,0.068955124,0.009184637
799,0.845128002,0.154453023,0.000418976
1913,0.091449914,0.139126405,0.769423682
4910,0.751988141,0.233991887,0.014019971
451,0.313447729,0.681538262,0.00501401
10840,0.323913928,0.425873526,0.250212544
15308,0.261123355,0.36864883,0.370227815
10669,0.105225997,0.206989302,0.687784701
9628,0.911342601,0.088415149,0.000242248
1010,0.470229087,0.525647486,0.004123426
11501,0.506384515,0.318299833,0.175315654
12727,0.449080224,0.550500037,0.000419739
13407,0.992313447,0.005545009,0.002141545
11481,0.631369792,0.367838661,0.000791546
7183,0.441096286,0.327176206,0.231727508
1066,0.971240871,0.028594086,0.000165052
4010,0.997975651,0.001457626,0.000566722
13436,0.992423175,0.00485623,0.002720596
13848,0.999369332,0.000537794,9.28728E-05
15025,0.384605404,0.610900133,0.004494462
3313,0.407187209,0.586842199,0.005970592
13580,0.973807595,0.026087776,0.000104616
14183,0.874424443,0.124048973,0.001526584
11433,0.913522961,0.086219281,0.000257758
9442,0.673437802,0.323079201,0.003482998
15,0.966078595,0.033680804,0.000240602
10817,0.993901193,0.00512848,0.000970327
330,0.364448096,0.63526553,0.000286376
17999,0.992970573,0.00634988,0.000679549
6883,0.823086259,0.176208974,0.000704767
7946,0.370451665,0.605852172,0.023696163
2122,0.887738087,0.111923181,0.000338731
16053,0.998606705,0.001315795,7.75148E-05
889,0.998275306,0.001171454,0.000553238
3521,0.711931934,0.285395465,0.002672601
18229,0.269200465,0.062100658,0.668698878
11922,0.936872423,0.062981349,0.000146227
2870,0.994511451,0.005347475,0.000141072
4093,0.519553315,0.19742941,0.283017274
283,0.354033485,0.521488834,0.124477682
10344,0.428450068,0.567045597,0.004504335
531,0.996827413,0.002455813,0.000716775
2710,0.139311213,0.860445077,0.00024371
8826,0.131050369,0.819484452,0.04946518
10484,0.965959006,0.033376131,0.000664863
12881,0.115278018,0.071097238,0.813624746
5013,0.329354985,0.655564543,0.015080471
1189,0.79891101,0.179869698,0.021219292
7899,0.790568285,0.208963295,0.00046842
12413,0.972987944,0.006511976,0.020500079
11046,0.741840533,0.253196194,0.004963275
5834,0.754525182,0.195764407,0.049710412
14782,0.854349414,0.143503848,0.002146737
9994,0.746779052,0.252286505,0.000934442
147,0.411258478,0.289508587,0.299232934
2152,0.988058062,0.011401051,0.000540888
3478,0.520421494,0.143317145,0.336261363
8873,0.732138394,0.193635405,0.074226203
5577,0.148906382,0.580252262,0.270841357
12729,0.474657607,0.476931325,0.048411067
11488,0.549432265,0.449007587,0.001560147
17901,0.295568574,0.702084815,0.002346609
650,0.502473332,0.386975716,0.110550952
3127,0.895565938,0.101198484,0.003235577
3761,0.170060757,0.563464415,0.266474828
16587,0.193471607,0.057950987,0.748577406
11773,0.301506193,0.36515679,0.333337017
11000,0.761103381,0.237381223,0.001515397
10785,0.975065974,0.022305386,0.00262864
2280,0.106586901,0.368340363,0.525072736
13306,0.696325544,0.294555557,0.0091189
14185,0.974692091,0.02439303,0.000914879
18326,0.309566481,0.613554812,0.076878707
2544,0.98957512,0.010346705,0.000078167
6979,0.579256476,0.418734941,0.002008582
50,0.317289597,0.541462371,0.141248033
11525,0.251905811,0.729936675,0.018157514
13479,0.353116168,0.164238887,0.482644945
8865,0.553467513,0.438852144,0.007680342
14822,0.398471867,0.372588728,0.228939404
9763,0.979771674,0.02011815,0.00011018
2129,0.417781791,0.581927916,0.000290293
13332,0.859852647,0.126003163,0.014144191
7082,0.991768402,0.007751167,0.000480431
7783,0.717821861,0.270945838,0.011232302
7202,0.991752914,0.008176562,7.05274E-05
18223,0.773628934,0.225028848,0.001342216
6631,0.7218881,0.145677358,0.132434541
14666,0.989527605,0.009906523,0.000565873
4432,0.92814978,0.009283806,0.062566415
6566,0.942176579,0.054862434,0.002960986
11828,0.682854906,0.110863219,0.206281875
3485,0.696955558,0.291091901,0.011952541
17499,0.991816462,0.007919308,0.000264232
5855,0.494998722,0.396302074,0.108699205
15165,0.999315112,0.000447469,0.000237418
4574,0.877657231,0.11859005,0.00375272
9316,0.285436507,0.614037195,0.100526298
17011,0.998343755,0.001614096,0.00004215
12002,0.557156255,0.438777824,0.004065922
17674,0.941567697,0.056451709,0.001980592
232,0.965542783,0.034171079,0.000286138
5584,0.483590887,0.516058479,0.000350636
18310,0.912080532,0.087741717,0.000177753
5677,0.044796247,0.142806514,0.812397238
18145,0.997158182,0.002153878,0.000687939
3086,0.743982194,0.255612395,0.000405412
15184,0.368004849,0.160551017,0.471444134
16348,0.990132647,0.009759379,0.000107969
17675,0.996726947,0.003247629,2.54333E-05
3074,0.893408387,0.105453584,0.001138029
3355,0.843017239,0.110605406,0.046377356
9764,0.587282245,0.409540522,0.003177234
4951,0.84350667,0.060819582,0.095673747
11942,0.990041227,0.009454284,0.000504489
3983,0.525329537,0.464528135,0.010142327
3344,0.484660397,0.371449073,0.14389053
8511,0.282460045,0.263300845,0.454239109
14693,0.785857816,0.213441944,0.000700239
16480,0.931293515,0.021774401,0.046932088
13782,0.817407548,0.180567976,0.002024475
4869,0.888708512,0.110363879,0.000927609
1459,0.646232407,0.351255878,0.002511716
10674,0.502355763,0.071802958,0.425841282
16104,0.999398341,0.000436367,0.000165285
16927,0.968556455,0.031299226,0.00014432
11812,0.467325943,0.148398274,0.384275783
12488,0.868323416,0.110213449,0.021463136
6612,0.810362308,0.18948295,0.000154742
10000,0.591608834,0.40702551,0.001365655
10605,0.931252495,0.068230371,0.000517133
18523,0.677451331,0.322211176,0.000337492
11708,0.931484825,0.033165388,0.035349786
12948,0.956606081,0.03373129,0.009662629
7825,0.987848344,0.012041999,0.00010966
14772,0.812742706,0.177815398,0.009441897
15734,0.612746818,0.384829087,0.002424095
17023,0.364782157,0.195366152,0.439851691
15114,0.388088826,0.611398688,0.000512486
4467,0.80519789,0.127225566,0.067576543
16520,0.613554258,0.368726668,0.017719074
17367,0.848361832,0.151243238,0.00039493
4580,0.870195832,0.099793473,0.030010694
6154,0.939487223,0.05845205,0.002060727
1088,0.639353913,0.046599755,0.314046332
15595,0.887683687,0.060901306,0.051415007
10063,0.474388154,0.525061882,0.000549964
7395,0.830490839,0.167871183,0.001637977
2509,0.262867543,0.73036205,0.006770409
15619,0.998477901,0.001201929,0.000320169
10987,0.347798065,0.625537526,0.026664411
4564,0.755620975,0.241602204,0.00277682
17483,0.952188389,0.047641775,0.000169838
16410,0.47896391,0.049695392,0.471340699
14723,0.893124237,0.104856018,0.002019745
1036,0.37217321,0.62208845,0.005738339
4405,0.99650902,0.002713707,0.000777274
7491,0.349169993,0.645447658,0.005382348
14451,0.56261604,0.434956779,0.00242718
18335,0.025548933,0.09620209,0.878248976
15069,0.173687022,0.244067426,0.582245553
2328,0.387354528,0.612343041,0.000302432
17635,0.403062217,0.048303898,0.548633885
16784,0.997317674,0.002599576,8.27538E-05
230,0.715705601,0.28397996,0.00031444
8896,0.210524867,0.689768636,0.099706498
14835,0.38277092,0.559329908,0.057899171
9983,0.706120233,0.291798679,0.002081087
12133,0.828697931,0.121425909,0.049876158
10893,0.323980992,0.675660662,0.000358347
10904,0.93214236,0.065911945,0.001945695
3087,0.735016666,0.216359208,0.048624126
1254,0.987335224,0.010513661,0.002151114
3402,0.239390452,0.585659427,0.174950122
16362,0.648560793,0.064412616,0.287026591
14681,0.885051216,0.114617723,0.000331063
16420,0.937793351,0.059529984,0.002676665
1559,0.995609144,0.003471043,0.000919813
8700,0.995960555,0.003929565,0.000109884
15452,0.668462287,0.329564682,0.001973031
13565,0.854709695,0.145120043,0.000170262
628,0.876857707,0.022860368,0.100281925
5344,0.512498304,0.221154221,0.266347475
15163,0.352881882,0.629641888,0.017476231
10766,0.933494613,0.063434188,0.003071199
16380,0.703587833,0.196681526,0.09973064
7770,0.98129464,0.001963218,0.016742143
5412,0.770549245,0.227879436,0.001571319
12885,0.977885197,0.020856218,0.001258584
11332,0.997576089,0.002143496,0.000280415
17718,0.377613857,0.620669866,0.001716278
2780,0.896192966,0.103660743,0.000146293
7411,0.919563561,0.080290574,0.00014587
4038,0.89710629,0.101972419,0.000921292
219,0.603643917,0.241201292,0.155154791
382,0.987982169,0.011984549,0.000033275
5134,0.256253125,0.72753273,0.016214145
8782,0.142962671,0.623143363,0.233893965
13297,0.80169885,0.147763464,0.050537684
5655,0.393599138,0.434670705,0.171730156
12,0.955848167,0.041038217,0.003113616
18437,0.990977902,0.007174924,0.001847176
15061,0.404801432,0.594775153,0.000423414
17179,0.481920079,0.113454368,0.404625555
15394,0.870664578,0.060293775,0.069041647
13302,0.949896119,0.022629409,0.02747447
16908,0.972232299,0.027527736,0.000239966
11829,0.9839197,0.015983379,9.69162E-05
18236,0.327398982,0.651958359,0.020642661
14617,0.573681346,0.425383781,0.000934872
1837,0.992999629,0.006754487,0.000245886
13734,0.521915148,0.197192824,0.280892029
14894,0.603827388,0.388147112,0.008025502
12703,0.829454054,0.168741959,0.001803988
17190,0.341597266,0.647137226,0.011265508
14704,0.158892051,0.482902554,0.358205395
11412,0.997660498,0.00192159,0.00041791
8880,0.163947048,0.612458498,0.223594455
10855,0.169853676,0.303741329,0.526404996
2636,0.074803122,0.052760197,0.872436682
15890,0.883932478,0.107373328,0.008694193
11288,0.958214677,0.041497447,0.000287876
2037,0.799435377,0.197660179,0.002904443
13921,0.997657881,0.002290624,5.14917E-05
5640,0.870878982,0.12787507,0.001245949
11354,0.945821286,0.050312801,0.003865913
17161,0.706260448,0.292674123,0.001065429
14317,0.886129103,0.113735745,0.000135154
13513,0.164990491,0.269677245,0.565332264
18208,0.310045636,0.374178355,0.315776008
2020,0.927778831,0.070322698,0.001898471
4801,0.749110026,0.249929024,0.000960951
12728,0.997842992,0.001709019,0.000447989
9614,0.324312621,0.673344984,0.002342395
1259,0.388599485,0.161884891,0.449515625
9799,0.56968754,0.429370486,0.000941974
595,0.212334062,0.182791982,0.604873956
13916,0.673771009,0.320307678,0.005921313
2072,0.08512568,0.050690512,0.864183809
3373,0.998083578,0.001855097,6.13224E-05
9684,0.992758125,0.007145781,9.60998E-05
9159,0.205212502,0.32246193,0.472325568
13478,0.659424573,0.339113804,0.001461622
14729,0.87020301,0.003654668,0.126142323
10918,0.931603809,0.067157349,0.001238841
11611,0.648879344,0.307386128,0.043734529
17819,0.724495815,0.27077587,0.004728315
17274,0.233110557,0.422182905,0.344706537
253,0.126662491,0.057994581,0.815342928
10504,0.945523484,0.052818798,0.001657718
13012,0.337981077,0.536819815,0.125199109
15828,0.993215287,0.006232194,0.000552518
18056,0.996395259,0.003090484,0.000514257
11009,0.95534802,0.044400309,0.00025167
13653,0.83651581,0.16293681,0.000547381
8329,0.595830293,0.199431879,0.204737828
156,0.81829878,0.177673655,0.004027565
18014,0.984067654,0.01585569,7.66718E-05
2014,0.367091586,0.587459122,0.045449293
1122,0.663688294,0.314635759,0.021675949
17329,0.317542686,0.680223855,0.002233458
2877,0.980871325,0.017681898,0.001446776
10125,0.972348243,0.026595323,0.001056435
5972,0.991320137,0.005491354,0.00318851
4957,0.847910802,0.151427032,0.000662166
8501,0.441834098,0.370148372,0.188017529
18417,0.03339323,0.547299271,0.419307498
4012,0.986501228,0.009173031,0.00432574
13575,0.990765817,0.006973045,0.002261137
14546,0.679022457,0.319539001,0.001438543
12403,0.970958342,0.028720306,0.000321352
236,0.977426928,0.020356394,0.002216677
15805,0.283220726,0.710121317,0.006657958
1052,0.987245449,0.007104421,0.005650131
15084,0.452352458,0.390224869,0.157422672
11239,0.522817782,0.475893941,0.001288277
6191,0.660358748,0.339319638,0.000321613
11792,0.990900905,0.00487701,0.004222085
16090,0.791796153,0.206305842,0.001898006
8843,0.998983944,0.000693616,0.00032244
12914,0.732167972,0.267558103,0.000273925
8345,0.476887665,0.521656412,0.001455922
16801,0.825304966,0.173477838,0.001217197
14459,0.709998805,0.198027849,0.091973347
13139,0.412250203,0.587406405,0.000343393
7026,0.209857085,0.782434434,0.007708482
6008,0.620215837,0.343165639,0.036618524
18090,0.995893712,0.003248166,0.00085812
18514,0.312475571,0.687202821,0.000321608
267,0.214965113,0.643617204,0.141417683
9410,0.988131821,0.011775713,9.24678E-05
1202,0.995783046,0.004178827,3.81167E-05
4346,0.980407912,0.015880171,0.003711916
3589,0.995927186,0.004039953,3.28583E-05
6613,0.906056969,0.092158584,0.001784447
10139,0.961724187,0.037917978,0.000357836
554,0.267232108,0.729211537,0.003556356
13876,0.971288265,0.017206166,0.011505568
8173,0.130165144,0.185459376,0.684375481
15205,0.982825014,0.01614129,0.001033698
3010,0.529522093,0.105957082,0.364520824
14580,0.599298893,0.399490285,0.00121082
8113,0.99820314,0.001295151,0.000501709
9485,0.772047436,0.227593986,0.000358579
18517,0.898907512,0.099095249,0.001997238
15395,0.896223925,0.103601685,0.000174389
3223,0.960883529,0.026526449,0.012590022
13016,0.99709293,0.002836901,7.01693E-05
9819,0.969140972,0.030752727,0.000106292
12485,0.998739853,0.000841077,0.000419068
12664,0.281553899,0.716983829,0.001462272
10761,0.38538739,0.605754038,0.008858572
4787,0.987124556,0.011209217,0.001666228
2376,0.072465249,0.86147744,0.066057313
9858,0.931689262,0.067149348,0.001161389
18112,0.853109688,0.137402452,0.009487862
5833,0.432511488,0.56421861,0.003269902
14234,0.867854052,0.130382698,0.001763249
12547,0.656644055,0.274329243,0.069026703
1683,0.244257456,0.064847564,0.69089498
3177,0.434551025,0.445320199,0.120128776
5131,0.95178217,0.048068663,0.000149168
2989,0.285209105,0.69854727,0.016243624
18268,0.398122199,0.594135021,0.00774278
8165,0.283306786,0.537849795,0.17884342
14193,0.576601421,0.422972377,0.000426203
14202,0.986246461,0.013502004,0.000251535
8788,0.896918208,0.102962521,0.000119273
1273,0.888308011,0.108538933,0.003153056
1013,0.859833237,0.133407136,0.006759626
10073,0.214494026,0.695124175,0.090381799
5234,0.995912735,0.002947022,0.001140243
354,0.318116421,0.681571701,0.000311879
17030,0.845283776,0.153030128,0.001686097
17496,0.881255909,0.117729659,0.001014433
13772,0.984375205,0.015007508,0.000617287
7863,0.15409102,0.840187762,0.005721216
18447,0.183831469,0.202973864,0.613194667
10466,0.112660382,0.15649229,0.730847328
9902,0.977884108,0.021908052,0.000207842
1093,0.871125705,0.128532163,0.000342133
16271,0.825620402,0.1734454,0.000934197
4584,0.963489282,0.036262198,0.000248514
3335,0.139414068,0.838403428,0.022182502
10695,0.189900679,0.775947778,0.034151544
9569,0.73861366,0.218034814,0.043351526
791,0.797471625,0.156808107,0.045720268
101,0.646029633,0.353698,0.00027237
9332,0.699842415,0.297268151,0.002889435
10287,0.503571867,0.435268404,0.06115973
6086,0.515894678,0.483787877,0.000317445
16461,0.189463108,0.716920371,0.093616521
12443,0.406906358,0.315574033,0.27751961
7440,0.889047373,0.110200688,0.00075194
9773,0.534764465,0.278678295,0.18655724
8518,0.978949136,0.008949398,0.012101468
9030,0.734910987,0.096245509,0.168843504
1461,0.398568747,0.597638173,0.003793079
15802,0.99286562,0.00655003,0.000584348
10281,0.530215117,0.469578875,0.000206007
3712,0.707234581,0.240890647,0.051874772
14320,0.957634834,0.006956287,0.035408879
7285,0.994304696,0.001958629,0.003736675
8532,0.631179792,0.368463694,0.000356515
13861,0.813024547,0.136025464,0.050949987
15669,0.795666109,0.163282813,0.041051077
9515,0.998889337,0.000774558,0.000336105
5699,0.414852805,0.229949662,0.355197534
13087,0.274414325,0.261118906,0.464466768
2036,0.461656448,0.209200673,0.32914288
13603,0.998748013,0.00095252,0.000299465
1649,0.874969787,0.123113072,0.001917141
11935,0.982858077,0.015773911,0.001368011
18051,0.240174708,0.090981556,0.668843736
2127,0.991120929,0.008721887,0.000157182
9765,0.149458345,0.195760774,0.654780879
655,0.177357476,0.816455622,0.006186902
12963,0.406571821,0.58946142,0.003966759
13450,0.991560446,0.008341671,9.78828E-05
16279,0.955781344,0.009832048,0.034386607
17945,0.561010167,0.438531015,0.000458816
8823,0.191583828,0.805714548,0.002701625
1772,0.034585369,0.151357154,0.814057476
17523,0.19768571,0.258245519,0.544068771
12404,0.115036114,0.141374809,0.743589076
6179,0.999205339,0.000555087,0.000239576
13531,0.950130178,0.043018511,0.006851312
3588,0.979980365,0.019671372,0.000348264
9429,0.861299055,0.138479246,0.000221701
7175,0.479314443,0.517306093,0.003379465
7452,0.656031274,0.341686877,0.002281848
1200,0.854533827,0.104189109,0.041277065
12298,0.998419669,0.00155864,0.0000217
6189,0.375404728,0.621463058,0.003132213
1181,0.860558811,0.138899348,0.000541841
10469,0.731619422,0.267805712,0.000574867
5760,0.958176008,0.041511107,0.000312885
16232,0.977330968,0.020996502,0.001672531
11345,0.147371771,0.843785393,0.008842837
4602,0.991615053,0.00634236,0.002042586
7363,0.353764633,0.62195766,0.024277707
10688,0.173394137,0.77838367,0.048222192
13870,0.503676129,0.136240119,0.360083751
915,0.90331397,0.085825697,0.010860333
8260,0.999066174,0.000648189,0.000285638
7376,0.962479451,0.036405936,0.001114614
1862,0.989642571,0.009868799,0.000488631
16179,0.204201224,0.775732104,0.020066671
512,0.555188061,0.444318356,0.000493583
12553,0.999423599,0.000502856,7.35342E-05
17710,0.802107363,0.197221572,0.000671066
5309,0.476595785,0.522882153,0.00052206
2800,0.495403338,0.504087419,0.000509243
16338,0.836742596,0.1621916,0.001065805
6193,0.978364877,0.020151612,0.001483511
11749,0.437809104,0.559655288,0.002535609
5076,0.66972216,0.299212052,0.031065787
14174,0.870807363,0.125699533,0.003493105
1870,0.34162527,0.25165916,0.40671557
10919,0.989520595,0.008595522,0.001883884
7089,0.669967323,0.329791593,0.000241084
2023,0.416614151,0.546842226,0.036543624
17572,0.96877701,0.02959136,0.001631629
15937,0.78872438,0.153149979,0.058125639
9940,0.136239837,0.127400302,0.73635986
13047,0.956872524,0.032091236,0.01103624
7548,0.420162342,0.571306395,0.008531263
10373,0.265263282,0.540451783,0.194284937
930,0.881575441,0.089253116,0.029171442
10215,0.997026968,0.002543798,0.000429234
744,0.611582476,0.386460212,0.001957313
16854,0.939636806,0.060150873,0.000212319
12956,0.901492865,0.096217945,0.002289189
14205,0.957361656,0.041917975,0.000720369
1894,0.824109046,0.102293798,0.073597156
6549,0.630796678,0.366365999,0.002837323
6430,0.825696414,0.173896938,0.000406648
5999,0.672523078,0.325015697,0.002461224
15999,0.931527211,0.068146632,0.000326156
16236,0.73436319,0.263500946,0.002135864
16282,0.996197301,0.002570346,0.001232353
2487,0.189908708,0.121484456,0.688606837
3969,0.147749576,0.387096813,0.465153612
117,0.58327717,0.33014446,0.086578371
14122,0.863285307,0.134259572,0.002455123
14135,0.423258816,0.560056045,0.016685138
1637,0.969766071,0.026955499,0.003278429
7707,0.82046697,0.178680741,0.00085229
4528,0.887121036,0.112038892,0.000840073
6200,0.99641095,0.00269237,0.00089668
13119,0.999347222,0.000469571,0.000183206
5512,0.8534805,0.146071171,0.00044833
3955,0.921086874,0.071429398,0.007483726
5617,0.805173068,0.186659925,0.008167007
942,0.952910615,0.045568209,0.001521176
2172,0.608160776,0.37064809,0.021191136
18390,0.973905865,0.022977805,0.003116329
3961,0.270483109,0.197784596,0.531732296
4150,0.843794229,0.154830112,0.001375657
8191,0.984626946,0.015288275,8.47688E-05
15520,0.720043179,0.251649566,0.028307256
11898,0.997018974,0.002211705,0.000769322
5489,0.081571505,0.523757383,0.394671112
15038,0.974764545,0.025139919,9.55478E-05
7964,0.990434843,0.009395524,0.000169632
3779,0.857667876,0.140684369,0.001647755
13285,0.307761092,0.691943527,0.000295382
8110,0.829504185,0.095853989,0.074641825
15417,0.886636218,0.110362706,0.003001075
739,0.967461803,0.027518991,0.005019207
7741,0.681381316,0.090402608,0.228216076
1801,0.344577054,0.578180435,0.077242511
8015,0.983633165,0.00500258,0.011364255
10878,0.318455298,0.127273091,0.554271611
