id,predict_1,predict_0,predict_2
11066,0.18846947,0.784778036,0.026752493
18000,0.300850566,0.134454938,0.564694497
16964,0.189006473,0.784776719,0.026216808
4795,0.229021253,0.735287516,0.035691231
3392,0.322387596,0.17461044,0.503001964
3795,0.269118701,0.690170058,0.040711242
2881,0.18909824,0.784788582,0.026113178
1903,0.212379742,0.745334412,0.042285846
5245,0.188798278,0.774115338,0.037086384
6726,0.17416076,0.794944206,0.030895034
1311,0.167719152,0.803447182,0.028833666
15795,0.18933326,0.785229443,0.025437297
4315,0.178040789,0.793570681,0.028388529
3393,0.371697657,0.132036924,0.496265419
6764,0.182412586,0.77058494,0.047002474
13039,0.189438001,0.785257,0.025304999
12331,0.174800315,0.784554707,0.040644978
14276,0.165481486,0.724546804,0.10997171
14638,0.189320786,0.785175157,0.025504057
6573,0.18911932,0.785119729,0.02576095
2222,0.300679509,0.134713691,0.5646068
8824,0.189006723,0.784952805,0.026040472
6360,0.186222033,0.784293533,0.029484433
7553,0.168041845,0.119421213,0.712536941
13760,0.224279906,0.735430265,0.040289829
4284,0.176861767,0.762548757,0.060589475
1356,0.168372446,0.789030428,0.042597125
3410,0.148390229,0.825622307,0.025987464
4830,0.282822426,0.673210242,0.043967332
8998,0.701325975,0.234727744,0.063946281
18052,0.189148161,0.784338474,0.026513365
7539,0.189184037,0.785213542,0.025602421
9529,0.148613031,0.825289968,0.026097001
3656,0.188889804,0.77349531,0.037614886
14238,0.200593297,0.75106226,0.048344443
2682,0.189329314,0.785258285,0.025412401
7312,0.147653535,0.814414862,0.037931603
12971,0.18991746,0.772267364,0.037815176
10735,0.189411595,0.785191456,0.025396948
4050,0.652566627,0.295218648,0.052214725
5943,0.189282035,0.785059169,0.025658796
6482,0.189195029,0.7794722,0.031332772
9746,0.300683864,0.135049286,0.56426685
13320,0.300499108,0.134200821,0.56530007
803,0.189610118,0.770389952,0.039999931
15437,0.189161508,0.78219801,0.028640482
12302,0.189231045,0.784982224,0.025786731
12271,0.189193341,0.78531147,0.025495189
5341,0.188290337,0.774030033,0.03767963
4427,0.188986934,0.785235441,0.025777625
529,0.201544963,0.76016813,0.038286907
2022,0.152403043,0.821325449,0.026271507
14625,0.189345416,0.784882145,0.025772439
2922,0.322189121,0.17424737,0.503563508
16330,0.362524784,0.184932791,0.452542425
12890,0.189210985,0.785350534,0.025438481
2140,0.189472535,0.783985269,0.026542196
13484,0.189062851,0.772825249,0.0381119
12392,0.167588854,0.803852822,0.028558324
2322,0.29808955,0.141594609,0.560315841
567,0.214655223,0.118595439,0.666749337
4436,0.189034372,0.785525884,0.025439744
12156,0.189147723,0.785094894,0.025757383
7508,0.182299068,0.769296082,0.04840485
6184,0.178002957,0.762771451,0.059225593
12213,0.175562672,0.759443135,0.064994193
6458,0.223913163,0.122300336,0.653786502
13967,0.189408117,0.774274045,0.036317838
894,0.184113913,0.758791193,0.057094895
7461,0.1997396,0.129381674,0.670878726
8949,0.188469117,0.773844674,0.037686209
3477,0.583583967,0.35441325,0.062002783
2779,0.188616348,0.785183889,0.026199764
13551,0.165415611,0.808460968,0.026123422
8297,0.189007893,0.773710744,0.037281363
5050,0.701320498,0.234826544,0.063852958
10716,0.189202504,0.773696479,0.037101018
16075,0.261486125,0.699487359,0.039026515
1366,0.195927552,0.765238523,0.038833926
774,0.189202695,0.78529993,0.025497375
7406,0.315228268,0.650948192,0.03382354
2526,0.35553169,0.598945224,0.045523086
9649,0.189007893,0.773710744,0.037281363
16115,0.329565987,0.617692716,0.052741297
14749,0.631697809,0.302754501,0.06554769
14952,0.217625046,0.73248346,0.049891494
4786,0.205633854,0.115245408,0.679120737
16513,0.189190518,0.784513732,0.02629575
2002,0.188425811,0.784840464,0.026733725
4701,0.189515522,0.77399112,0.036493358
7742,0.200552994,0.751093879,0.048353127
5905,0.32046817,0.643454466,0.036077364
685,0.196253798,0.761954293,0.041791909
11857,0.189309793,0.784857483,0.025832725
11628,0.365929992,0.137781189,0.496288819
15024,0.189188705,0.77258432,0.038226975
4168,0.175693983,0.759129024,0.065176993
11914,0.173180217,0.79168533,0.035134453
5293,0.189071206,0.785475128,0.025453666
3374,0.189332706,0.784850594,0.0258167
13055,0.188706404,0.784910889,0.026382708
17759,0.322493776,0.174088311,0.503417913
590,0.188725702,0.781741976,0.029532321
1353,0.167554922,0.803626698,0.028818379
11938,0.21010059,0.109568669,0.680330741
1018,0.386182476,0.171052026,0.442765498
14945,0.189350189,0.785230578,0.025419233
1001,0.188893517,0.77326493,0.037841553
3587,0.158271121,0.77720564,0.064523239
868,0.188513114,0.785931164,0.025555723
9296,0.365310526,0.137712733,0.496976741
12455,0.18919373,0.784732887,0.026073382
17132,0.167713017,0.793751461,0.038535522
10240,0.152404238,0.82129154,0.026304221
3696,0.300074716,0.134005929,0.565919355
10355,0.226327483,0.735211893,0.038460624
2206,0.189562479,0.777091711,0.03334581
14590,0.18859627,0.78469285,0.02671088
13191,0.166698438,0.801174211,0.032127351
5882,0.167621682,0.80383621,0.028542108
12653,0.189310903,0.785218118,0.025470979
1491,0.249583021,0.708915638,0.041501341
1176,0.229131177,0.732321643,0.038547181
11246,0.300894251,0.134870855,0.564234894
14557,0.29864794,0.141701367,0.559650693
4772,0.730268471,0.190479664,0.079251865
17192,0.189411341,0.785196247,0.025392412
10637,0.18877298,0.774587115,0.036639905
3281,0.189161673,0.773433901,0.037404426
3191,0.198722602,0.759303854,0.041973544
672,0.189318216,0.785195295,0.025486489
6301,0.189086624,0.772777558,0.038135818
10309,0.16741057,0.803873057,0.028716373
1734,0.189298527,0.785142237,0.025559237
2990,0.215670204,0.746356896,0.0379729
5746,0.185021982,0.776744451,0.038233567
15289,0.189254267,0.772466741,0.038278992
2971,0.189010517,0.785461334,0.025528148
9771,0.189414874,0.771641011,0.038944115
11253,0.72101046,0.212975044,0.066014497
14576,0.276201018,0.675502018,0.048296964
4688,0.322218694,0.173980699,0.503800607
14469,0.510126008,0.445374146,0.044499847
9298,0.188781174,0.773642665,0.037576162
16099,0.713458748,0.221951778,0.064589474
17316,0.887880336,0.037139656,0.074980008
15212,0.188295557,0.785423698,0.026280745
10691,0.175626614,0.75912102,0.065252366
3805,0.188952905,0.785518631,0.025528464
6418,0.573563458,0.369463921,0.056972621
1158,0.189432655,0.773877384,0.036689961
7768,0.152469301,0.821189629,0.02634107
4834,0.190534565,0.163786221,0.645679213
10914,0.189325931,0.785217012,0.025457058
14606,0.377911436,0.583067577,0.039020986
3220,0.171379211,0.761943411,0.066677378
10433,0.188799553,0.77418339,0.037017057
11251,0.238173454,0.710495935,0.051330612
8084,0.189469432,0.785146674,0.025383893
522,0.181591028,0.783544399,0.034864574
17299,0.189629436,0.780009645,0.030360919
15587,0.667876712,0.268414097,0.063709191
1563,0.321467913,0.174452205,0.504079883
8252,0.184615233,0.787046935,0.028337832
17802,0.168135576,0.119962398,0.711902027
2738,0.19569802,0.765663727,0.038638254
9896,0.189047971,0.77285585,0.038096179
14609,0.183014874,0.790565843,0.026419283
10463,0.188865619,0.78480407,0.026330311
1280,0.173855106,0.786450725,0.039694168
977,0.374978399,0.133080213,0.491941388
979,0.18410377,0.758840456,0.057055773
10908,0.189127331,0.785348321,0.025524349
12569,0.366331839,0.137011298,0.496656863
6078,0.167638238,0.119771131,0.712590631
18339,0.186931118,0.787120067,0.025948815
13799,0.329453977,0.12338689,0.547159133
7193,0.167945328,0.119304129,0.712750543
8243,0.287257823,0.668139744,0.044602433
13622,0.183037753,0.790083949,0.026878298
5885,0.189448367,0.785177754,0.025373879
5768,0.175509966,0.759208098,0.065281936
632,0.254581362,0.704250988,0.04116765
3314,0.188662074,0.785479224,0.025858702
3664,0.189057739,0.772336097,0.038606164
18518,0.189062851,0.772825249,0.0381119
7687,0.188878871,0.785430946,0.025690182
17889,0.211930958,0.749373235,0.038695806
12943,0.195878735,0.762942398,0.041178867
3581,0.188948896,0.773088359,0.037962745
13802,0.189221799,0.773435776,0.037342424
17702,0.701368775,0.23469419,0.063937034
12342,0.184834196,0.788817521,0.026348283
11185,0.189034185,0.785194151,0.025771664
15675,0.188927304,0.773157936,0.037914761
6716,0.248496576,0.710842396,0.040661028
17790,0.189458744,0.785159918,0.025381338
17791,0.205630061,0.755510639,0.0388593
6145,0.189287993,0.785283018,0.025428988
18237,0.747656901,0.184843964,0.067499135
10523,0.359353333,0.603775009,0.036871658
4356,0.701346171,0.234722242,0.063931586
7482,0.18944822,0.784845558,0.025706223
5856,0.22444143,0.735080353,0.040478218
5011,0.301062416,0.134298564,0.56463902
15872,0.187564797,0.786120453,0.026314749
6609,0.298574044,0.656487076,0.044938879
995,0.175338588,0.759708438,0.064952975
4680,0.189040331,0.774601122,0.036358546
18327,0.188963252,0.772409941,0.038626807
8484,0.189072596,0.773722784,0.03720462
16968,0.235007101,0.724405215,0.040587684
8305,0.189224988,0.785340368,0.025434644
7012,0.189369542,0.785229935,0.025400523
13465,0.322297357,0.173872698,0.503829945
8375,0.189364496,0.784865443,0.02577006
15629,0.701290715,0.234886057,0.063823228
12296,0.189154515,0.78533873,0.025506756
458,0.18742945,0.77317244,0.03939811
18124,0.322146337,0.17381638,0.504037284
4430,0.224184001,0.115172052,0.660643946
14443,0.283060247,0.672735877,0.044203876
15275,0.148454992,0.825508762,0.026036246
4470,0.298048732,0.14158678,0.560364487
13831,0.189040423,0.785524186,0.025435391
7696,0.188841604,0.773908436,0.03724996
15172,0.717047442,0.210729398,0.07222316
16647,0.203709836,0.766748637,0.029541527
14209,0.325234962,0.628353102,0.046411936
18121,0.189528426,0.784416349,0.026055224
12144,0.189349513,0.785220048,0.025430439
800,0.189318216,0.785195295,0.025486489
13200,0.300761554,0.658083252,0.041155194
5724,0.213836183,0.1174398,0.668724017
15722,0.192028296,0.76829775,0.039673954
6660,0.189336213,0.78511056,0.025553227
8394,0.189280006,0.785235529,0.025484465
5554,0.217685026,0.732334031,0.049980943
10381,0.148529813,0.825483048,0.02598714
15783,0.189461581,0.784474711,0.026063709
10907,0.189154387,0.775231099,0.035614514
11455,0.189119592,0.784572628,0.02630778
5992,0.322314667,0.174268868,0.503416465
16564,0.36553168,0.137737243,0.496731077
7933,0.225401022,0.734334993,0.040263986
16008,0.167601429,0.803846845,0.028551726
7265,0.741948673,0.191922341,0.066128986
11095,0.189398458,0.785204565,0.025396977
2181,0.247173372,0.164289129,0.588537499
8845,0.167829918,0.804965449,0.027204633
13617,0.189208079,0.78536933,0.025422591
17228,0.188842268,0.773602763,0.037554969
16321,0.189221979,0.784415017,0.026363004
14851,0.188376742,0.774363632,0.037259626
9613,0.189222833,0.785364341,0.025412826
3121,0.188823185,0.774318256,0.03685856
4840,0.18871015,0.784594156,0.026695694
18216,0.733952813,0.203822505,0.062224682
17113,0.242958728,0.725147556,0.031893716
4775,0.175529395,0.759193603,0.065277002
14105,0.203183243,0.758360691,0.038456067
4993,0.239592123,0.724959707,0.03544817
8901,0.700622106,0.228048957,0.071328937
15443,0.18027683,0.781788379,0.037934791
435,0.189299891,0.785200801,0.025499308
4595,0.322488278,0.173384335,0.504127386
14503,0.18935173,0.785308896,0.025339374
2191,0.701367288,0.234679494,0.063953218
2163,0.148517863,0.825156617,0.02632552
9987,0.189154955,0.785331356,0.025513689
16234,0.212617411,0.745140736,0.042241853
3834,0.36584433,0.137344077,0.496811594
13133,0.189293584,0.785112525,0.025593891
13909,0.189331627,0.771705836,0.038962537
9952,0.173603891,0.789366165,0.037029944
3666,0.189422036,0.78514867,0.025429295
6072,0.167627037,0.80474767,0.027625294
2936,0.365487442,0.137732346,0.496780212
6497,0.167688126,0.793770146,0.038541728
5645,0.18936699,0.784089749,0.026543261
15476,0.238430518,0.720940429,0.040629053
8472,0.188475086,0.785936212,0.025588702
15687,0.189408803,0.784412189,0.026179008
10682,0.167390555,0.803864726,0.028744719
10772,0.18922922,0.785013521,0.025757259
8156,0.322164409,0.174572251,0.50326334
10436,0.702656563,0.226501727,0.07084171
16827,0.189302008,0.785272836,0.025425155
12299,0.322369542,0.173854612,0.503775847
9258,0.385939585,0.17199063,0.442069785
4759,0.189299745,0.78522151,0.025478744
8989,0.189420805,0.774282364,0.03629683
14823,0.187869189,0.786069979,0.026060832
17270,0.701334459,0.234710565,0.063954976
2005,0.188897102,0.773951148,0.03715175
15757,0.189275641,0.774517994,0.036206365
14476,0.189444293,0.785170082,0.025385625
17243,0.238946067,0.158395925,0.602658008
3908,0.20906667,0.758682834,0.032250496
781,0.17572396,0.759048263,0.065227778
5398,0.188214058,0.772570967,0.039214975
2687,0.251504001,0.664047618,0.084448381
5017,0.17559402,0.75959642,0.06480956
140,0.652705283,0.295124083,0.052170635
14897,0.18935691,0.78186684,0.02877625
1487,0.233071106,0.727170706,0.039758187
18371,0.186510185,0.787244771,0.026245044
10170,0.175742698,0.758864648,0.065392654
3464,0.188749889,0.772524696,0.038725415
1535,0.292094022,0.674589791,0.033316187
1442,0.196658498,0.77226485,0.031076652
7249,0.201310857,0.758954173,0.039734971
17510,0.742187247,0.191556599,0.066256154
418,0.188949804,0.785140442,0.025909754
16274,0.246993989,0.162963556,0.590042455
12497,0.298329187,0.65697737,0.044693443
17309,0.168343349,0.765363297,0.066293354
3891,0.183877552,0.759395625,0.056726823
8437,0.188975267,0.785559148,0.025465585
9950,0.188915194,0.773215848,0.037868958
5316,0.191130599,0.780526266,0.028343135
12979,0.18935983,0.785222121,0.025418049
14648,0.166732291,0.801147077,0.032120632
8194,0.167482267,0.805044915,0.027472818
10386,0.322326114,0.173201933,0.504471953
12749,0.362470797,0.186188648,0.451340555
16508,0.189356372,0.784912338,0.02573129
16386,0.18929885,0.785243627,0.025457524
12933,0.166723826,0.801153863,0.032122311
2830,0.189070582,0.77280959,0.038119828
11528,0.189411595,0.785191456,0.025396948
15904,0.189231422,0.785302733,0.025465845
16390,0.173190275,0.791668158,0.035141567
14036,0.188842137,0.785455764,0.0257021
17215,0.188914556,0.785552183,0.025533261
14404,0.189270837,0.785246849,0.025482315
12101,0.322408336,0.173122884,0.504468781
10812,0.777192596,0.154403085,0.068404318
4374,0.188905853,0.785545787,0.02554836
9719,0.57335655,0.370015615,0.056627835
8520,0.322448172,0.174441686,0.503110142
15621,0.702542905,0.226588296,0.070868799
7173,0.312762462,0.171263279,0.515974259
7544,0.169999287,0.761235061,0.068765652
7253,0.190290757,0.77037269,0.039336554
16731,0.185621366,0.779147157,0.035231477
17278,0.212686916,0.747963689,0.039349394
16327,0.169583621,0.800880914,0.029535465
15845,0.188592868,0.774456498,0.036950634
6750,0.167497924,0.118407822,0.714094254
7674,0.179121866,0.776842809,0.044035325
17416,0.230043581,0.730070515,0.039885904
9050,0.20089251,0.715271922,0.083835568
8931,0.374870024,0.133720628,0.491409347
13146,0.214874671,0.117723499,0.66740183
11584,0.189245719,0.784703046,0.026051235
8322,0.189299891,0.785200801,0.025499308
16067,0.188525525,0.781668411,0.029806065
11438,0.189090436,0.773533553,0.037376012
677,0.188927597,0.773311228,0.037761175
7475,0.223253318,0.738191514,0.038555168
13400,0.189032769,0.773589842,0.037377389
10255,0.189199782,0.784654193,0.026146025
17987,0.167742052,0.803446382,0.028811566
13651,0.322338069,0.173451153,0.504210778
8226,0.189246083,0.774258151,0.036495766
7643,0.168398279,0.803538352,0.028063369
10318,0.29985546,0.133967584,0.566176956
12382,0.188927537,0.77352222,0.037550244
2912,0.379312554,0.133077255,0.487610191
2254,0.322311309,0.173875086,0.503813605
13110,0.164743515,0.784477041,0.050779444
8355,0.322366371,0.173332617,0.504301012
10753,0.187502172,0.786594784,0.025903044
17974,0.301076168,0.134300943,0.564622889
7588,0.188639007,0.774087057,0.037273936
3209,0.175474635,0.759606537,0.064918828
16325,0.189369394,0.784368986,0.02626162
12009,0.188918132,0.773900773,0.037181095
7141,0.573532109,0.369517379,0.056950512
7584,0.212689412,0.745084207,0.04222638
171,0.189346179,0.785294193,0.025359628
14412,0.188908014,0.773855752,0.037236235
16111,0.189417195,0.785134197,0.025448608
17959,0.167509007,0.803866551,0.028624442
401,0.189048488,0.773839914,0.037111598
16571,0.70137162,0.234670713,0.063957668
3294,0.23978894,0.72452917,0.03568189
16220,0.168200874,0.119801734,0.711997392
2404,0.18917368,0.785353334,0.025472986
11002,0.189365089,0.784253747,0.026381164
372,0.200863278,0.715423981,0.083712742
15477,0.175685006,0.759077387,0.065237607
41,0.189392899,0.785038225,0.025568876
8671,0.189234072,0.785251136,0.025514792
8129,0.189368612,0.771677042,0.038954346
14683,0.18946091,0.774087208,0.036451882
9873,0.189179902,0.78445899,0.026361108
13577,0.189293988,0.78483254,0.025873472
16132,0.189166703,0.785310143,0.025523154
10100,0.14857054,0.825425042,0.026004418
5629,0.23070749,0.729573608,0.039718902
16618,0.770957774,0.164712685,0.064329542
16876,0.386359194,0.171069026,0.442571779
16036,0.186053405,0.787641361,0.026305234
9322,0.322005531,0.174004687,0.503989781
8549,0.188745559,0.785760153,0.025494288
18132,0.189326341,0.784898841,0.025774819
13487,0.279149573,0.68066912,0.040181307
6904,0.184132721,0.758777034,0.057090245
2799,0.701329932,0.23475505,0.063915018
9694,0.168780841,0.718827498,0.112391661
4417,0.623980155,0.321383518,0.054636327
1494,0.175578344,0.75950507,0.064916586
13929,0.817242488,0.113504144,0.069253368
6530,0.210548305,0.761032291,0.028419404
2483,0.176525844,0.795592628,0.027881529
3301,0.189471662,0.784281969,0.02624637
11323,0.167503679,0.80384439,0.028651931
1237,0.22433101,0.735379739,0.040289252
1747,0.198830642,0.759230853,0.041938505
2655,0.170536507,0.79753673,0.031926763
16310,0.685112523,0.252346919,0.062540559
4173,0.189015646,0.785578474,0.02540588
17613,0.17799827,0.795932865,0.026068865
18062,0.188809257,0.785637384,0.025553359
4109,0.18932429,0.785215521,0.025460189
15881,0.188952905,0.785518631,0.025528464
17020,0.189148252,0.785423973,0.025427775
7642,0.148793802,0.824099505,0.027106693
9464,0.188847048,0.774145602,0.03700735
22,0.189402673,0.784832021,0.025765306
16394,0.188938869,0.773321957,0.037739174
12854,0.190709856,0.767961608,0.041328536
5073,0.189103747,0.772263721,0.038632533
2069,0.188823302,0.773617773,0.037558926
8545,0.189333353,0.785278618,0.025388029
10775,0.878686272,0.046835147,0.074478581
9744,0.189544688,0.784090034,0.026365279
17138,0.17177294,0.766971408,0.061255652
16619,0.18624959,0.787418952,0.026331458
195,0.188791429,0.774606003,0.036602569
10258,0.573431491,0.369694674,0.056873835
4347,0.221883484,0.744241568,0.033874949
17587,0.189039231,0.779749868,0.031210901
3019,0.252548221,0.69595299,0.051498789
18552,0.188876229,0.785585709,0.025538062
13223,0.188958827,0.776608051,0.034433122
7856,0.189111507,0.784814687,0.026073806
9830,0.189369471,0.785213663,0.025416866
10965,0.1893512,0.785295031,0.025353768
4677,0.267240219,0.124879895,0.607879885
12176,0.272044385,0.121082799,0.606872816
15210,0.677065679,0.268596067,0.054338255
3764,0.189215486,0.784982261,0.025802253
16846,0.298351177,0.656921478,0.044727345
771,0.164987585,0.793484504,0.041527911
13019,0.371611991,0.131940227,0.496447782
252,0.355759549,0.598524607,0.045715845
11064,0.189337488,0.785164142,0.025498369
18221,0.14868264,0.825210346,0.026107014
11502,0.188881138,0.774188003,0.036930859
14392,0.189510924,0.784980021,0.025509055
9541,0.155574017,0.730517074,0.113908909
3206,0.18881699,0.773766808,0.037416203
1994,0.187716849,0.772952704,0.039330447
17294,0.557616821,0.394003124,0.048380056
344,0.187158841,0.785456833,0.027384326
15404,0.189308397,0.784698972,0.025992631
521,0.189412436,0.784422419,0.026165145
876,0.188837923,0.78561921,0.025542867
7671,0.189162298,0.784937505,0.025900196
3351,0.189193071,0.785308361,0.025498568
11771,0.183678792,0.789767927,0.02655328
1511,0.212175061,0.745494637,0.042330301
9265,0.184534517,0.776912725,0.038552758
7982,0.167537088,0.803869352,0.028593559
14175,0.236666781,0.721902945,0.041430274
10039,0.178070524,0.793919523,0.028009953
14091,0.238893058,0.719136521,0.041970421
16518,0.167372006,0.803856035,0.028771959
10022,0.188838048,0.77359767,0.037564281
11564,0.197222874,0.734016116,0.06876101
7125,0.189121791,0.774321029,0.03655718
13985,0.189355446,0.785223859,0.025420695
16442,0.189280627,0.784660581,0.026058791
8894,0.189282891,0.784409455,0.026307654
12070,0.29235695,0.674182086,0.033460965
5222,0.189341988,0.78520974,0.025448272
5035,0.322358209,0.174004581,0.50363721
11720,0.189408827,0.784815201,0.025775971
2902,0.188965945,0.772393521,0.038640534
16663,0.188813637,0.77408831,0.037098053
5322,0.221424597,0.739288285,0.039287118
18013,0.215099953,0.118491105,0.666408942
7204,0.189262891,0.785020075,0.025717034
5241,0.300824049,0.134906508,0.564269443
10289,0.198791051,0.759958294,0.041250655
2841,0.188833456,0.77380952,0.037357024
799,0.189454367,0.785174057,0.025371576
1913,0.169332841,0.112177543,0.718489616
4910,0.177899308,0.793813463,0.028287229
451,0.679308674,0.257926273,0.062765053
10840,0.188964502,0.77240185,0.038633648
15308,0.843072746,0.08359539,0.073331865
10669,0.196570755,0.76253007,0.040899175
9628,0.189289944,0.784995119,0.025714937
1010,0.229527672,0.732344592,0.038127736
11501,0.176232536,0.709663302,0.114104162
12727,0.189297498,0.784873345,0.025829158
13407,0.187570039,0.786117604,0.026312357
11481,0.189069873,0.785154118,0.025776009
7183,0.343420082,0.146623578,0.50995634
1066,0.189316785,0.784801363,0.025881851
4010,0.188954271,0.784361414,0.026684315
13436,0.152436381,0.821264677,0.026298942
13848,0.18919312,0.785301451,0.025505429
15025,0.5736244,0.369348096,0.057027505
3313,0.72931957,0.205155041,0.065525389
13580,0.167395348,0.80386822,0.028736432
14183,0.188767981,0.774575462,0.036656558
11433,0.189207165,0.784979397,0.025813439
9442,0.197604882,0.773426463,0.028968655
15,0.189340638,0.785255292,0.02540407
10817,0.189050352,0.785140219,0.025809429
330,0.189421581,0.785105894,0.025472525
17999,0.189221901,0.785081588,0.025696512
6883,0.214012439,0.743443123,0.042544439
7946,0.293580784,0.673081619,0.033337597
2122,0.189288882,0.785263262,0.025447856
16053,0.167277607,0.803465023,0.02925737
889,0.185321025,0.787709166,0.026969809
3521,0.188897513,0.773223137,0.037879351
18229,0.175251068,0.116208703,0.708540229
11922,0.167406822,0.803493727,0.029099451
2870,0.189245444,0.78487861,0.025875945
4093,0.212543897,0.745205719,0.042250384
283,0.252489258,0.695998364,0.051512378
10344,0.217058377,0.744879467,0.038062157
531,0.18756215,0.785677802,0.026760048
2710,0.189334453,0.785220667,0.02544488
8826,0.747369675,0.187735399,0.064894926
10484,0.189251679,0.78533905,0.025409271
12881,0.298311353,0.133695075,0.567993573
5013,0.65571139,0.282767464,0.061521146
1189,0.307988945,0.657461937,0.034549118
7899,0.189317563,0.785139549,0.025542888
12413,0.188908014,0.773855752,0.037236235
11046,0.224309043,0.735397565,0.040293391
5834,0.198850399,0.759215382,0.041934219
14782,0.210698308,0.757159565,0.032142126
9994,0.217992084,0.751948083,0.030059833
147,0.322184909,0.174065732,0.503749359
2152,0.188271173,0.784949552,0.026779274
3478,0.215260435,0.742163276,0.042576288
8873,0.210000252,0.717884916,0.072114832
5577,0.322397453,0.173859383,0.503743164
12729,0.19859035,0.759722856,0.041686794
11488,0.189183716,0.77371138,0.037104904
17901,0.177926937,0.795526789,0.026546274
650,0.355495909,0.599026778,0.045477313
3127,0.189174118,0.785194764,0.025631118
3761,0.757264421,0.174702934,0.068032645
16587,0.321703862,0.173280439,0.5050157
11773,0.867870804,0.058366038,0.073763158
11000,0.189272632,0.77344333,0.037284038
10785,0.150663873,0.818078146,0.03125798
2280,0.76889416,0.154683544,0.076422296
13306,0.189006656,0.773701994,0.03729135
14185,0.189288207,0.784932213,0.025779581
18326,0.35573071,0.598584139,0.045685151
2544,0.167616731,0.803501403,0.028881866
6979,0.189113248,0.773285941,0.037600811
50,0.285036517,0.668239988,0.046723495
11525,0.249446799,0.699947125,0.050606076
13479,0.365807521,0.137136002,0.497056477
8865,0.224532555,0.736427276,0.039040169
14822,0.355618695,0.598777546,0.045603759
9763,0.167430418,0.803872329,0.028697253
2129,0.189320543,0.785209666,0.02546979
13332,0.147638443,0.814486986,0.037874571
7082,0.189231045,0.784982224,0.025786731
7783,0.376498809,0.577554501,0.04594669
7202,0.167517727,0.803836753,0.02864552
18223,0.191493044,0.780874069,0.027632887
6631,0.189054356,0.772162086,0.038783558
14666,0.189214041,0.78503689,0.025749069
4432,0.187381945,0.774802595,0.03781546
6566,0.188870729,0.773580236,0.037549036
11828,0.300818426,0.1343529,0.564828674
3485,0.149118811,0.824107683,0.026773506
17499,0.183291187,0.79000214,0.026706673
5855,0.720631687,0.213526306,0.065842007
15165,0.18655074,0.786726345,0.026722915
4574,0.188759184,0.734195646,0.07704517
9316,0.189297849,0.772411782,0.038290369
17011,0.167452008,0.803887264,0.028660728
12002,0.22456387,0.734959198,0.040476932
17674,0.148674927,0.825224067,0.026101005
232,0.189222682,0.785289048,0.02548827
5584,0.189465,0.785148528,0.025386471
18310,0.189141837,0.784929145,0.025929018
5677,0.365369027,0.136722754,0.497908219
18145,0.185498149,0.787896827,0.026605024
3086,0.189440496,0.78517595,0.025383554
15184,0.184061896,0.762893776,0.053044328
16348,0.18923055,0.784486186,0.026283264
17675,0.189245497,0.784407009,0.026347493
3074,0.189297967,0.785286043,0.02541599
3355,0.238242874,0.721116572,0.040640554
9764,0.24696006,0.713226269,0.039813671
4951,0.190072083,0.770870918,0.039056999
11942,0.167660912,0.80364491,0.028694178
3983,0.189138774,0.772148578,0.038712648
3344,0.701320192,0.234721748,0.06395806
8511,0.322298211,0.173197155,0.504504633
14693,0.189075859,0.773710974,0.037213167
16480,0.175772695,0.758889849,0.065337457
13782,0.189216042,0.773431191,0.037352767
4869,0.189340252,0.785136682,0.025523066
1459,0.189080235,0.773552223,0.037367541
10674,0.212389991,0.745326382,0.042283627
16104,0.185739614,0.787682267,0.026578119
16927,0.167316392,0.80354427,0.029139337
11812,0.167594771,0.119329711,0.713075518
12488,0.212602908,0.74900014,0.038396952
6612,0.189359906,0.785238389,0.025401705
10000,0.189234783,0.784386853,0.026378364
10605,0.186299268,0.787972774,0.025727958
18523,0.189303202,0.785116184,0.025580614
11708,0.193918177,0.768271502,0.037810321
12948,0.188681092,0.774088847,0.037230061
7825,0.173477948,0.797207112,0.02931494
14772,0.189479921,0.785022845,0.025497234
15734,0.188914238,0.77322317,0.037862593
17023,0.182912476,0.750992741,0.066094782
15114,0.189313063,0.784941249,0.025745687
4467,0.190118643,0.770834631,0.039046726
16520,0.573555055,0.369464113,0.056980832
17367,0.189414493,0.785186375,0.025399132
4580,0.189000994,0.773877714,0.037121292
6154,0.189428754,0.775324664,0.035246582
1088,0.23665803,0.668108186,0.095233784
15595,0.175656087,0.759282201,0.065061712
10063,0.189490172,0.784813165,0.025696663
7395,0.188924993,0.773166923,0.037908084
2509,0.1892783,0.771821796,0.038899904
15619,0.188766782,0.784347421,0.026885797
10987,0.777101917,0.154573309,0.068324774
4564,0.148465023,0.821923223,0.029611754
17483,0.189432181,0.784474594,0.026093226
16410,0.321990555,0.173820054,0.504189391
14723,0.189296099,0.771786761,0.03891714
1036,0.228943179,0.732584462,0.038472359
4405,0.188863949,0.785218892,0.02591716
7491,0.241075585,0.718116862,0.040807553
14451,0.716441603,0.220410133,0.063148264
18335,0.167331068,0.118370919,0.714298013
15069,0.167582213,0.118440051,0.713977736
2328,0.189189171,0.784931077,0.025879751
17635,0.167441667,0.119190892,0.71336744
16784,0.189241254,0.785259282,0.025499464
230,0.189251472,0.784682444,0.026066085
8896,0.248009393,0.72092273,0.031067877
14835,0.726810771,0.207737149,0.06545208
9983,0.189613395,0.77374417,0.036642435
12133,0.14380486,0.745694736,0.110500404
10893,0.189271965,0.78441447,0.026313564
10904,0.188881138,0.774188003,0.036930859
3087,0.211692086,0.74929701,0.039010904
1254,0.188432082,0.785938254,0.025629664
3402,0.399750319,0.122593276,0.477656405
16362,0.30078519,0.134827946,0.564386864
14681,0.167234151,0.803365944,0.029399905
16420,0.29211972,0.674556093,0.033324187
1559,0.188976364,0.785167772,0.025855863
8700,0.189292491,0.785297521,0.025409988
15452,0.189095991,0.773294846,0.037609162
13565,0.167260598,0.803359612,0.02937979
628,0.185896525,0.779346187,0.034757287
5344,0.322060986,0.174285474,0.50365354
15163,0.224567569,0.736353612,0.039078819
10766,0.158225906,0.777518653,0.064255441
16380,0.188482544,0.73364251,0.077874947
7770,0.187515623,0.775042047,0.03744233
5412,0.188916343,0.773208289,0.037875368
12885,0.188776824,0.774452065,0.036771112
11332,0.189250094,0.78496556,0.025784346
17718,0.241836469,0.725511595,0.032651936
2780,0.167503837,0.803863625,0.028632538
7411,0.189299891,0.785200801,0.025499308
4038,0.188956808,0.773066336,0.037976856
219,0.184139102,0.758686073,0.057174825
382,0.189280617,0.785217691,0.025501691
5134,0.853052533,0.076109887,0.07083758
8782,0.376418752,0.178639998,0.44494125
13297,0.18893456,0.773930561,0.037134878
5655,0.322395035,0.173889405,0.50371556
12,0.188902304,0.774144292,0.036953404
18437,0.188864238,0.785342613,0.025793149
15061,0.189449232,0.785153639,0.025397129
17179,0.302287642,0.136546811,0.561165547
15394,0.189368612,0.771677042,0.038954346
13302,0.201442422,0.760385015,0.038172562
16908,0.166986669,0.8036692,0.029344132
11829,0.148562705,0.825431566,0.026005729
18236,0.366339105,0.137194242,0.496466653
14617,0.188919422,0.773296693,0.037783885
1837,0.167634367,0.803657317,0.028708316
13734,0.894119136,0.030289827,0.075591037
14894,0.189203196,0.771951635,0.038845169
12703,0.189218824,0.773433603,0.037347574
17190,0.341300998,0.610269774,0.048429227
14704,0.214752747,0.117816679,0.667430574
11412,0.188876229,0.785585709,0.025538062
8880,0.386349071,0.171179646,0.442471284
10855,0.197318261,0.761951839,0.0407299
2636,0.360386819,0.143665961,0.49594722
15890,0.188985465,0.773983126,0.03703141
11288,0.189356372,0.784912338,0.02573129
2037,0.186770318,0.784638521,0.02859116
13921,0.18921237,0.785284588,0.025503042
5640,0.148961982,0.823808778,0.02722924
11354,0.178022685,0.793600111,0.028377204
17161,0.159808736,0.813956681,0.026234583
14317,0.189350271,0.785246841,0.025402887
13513,0.633569818,0.294084482,0.0723457
18208,0.37941679,0.132716095,0.487867115
2020,0.220715893,0.742457445,0.036826662
4801,0.652795116,0.294977343,0.052227541
12728,0.181792946,0.791395477,0.026811577
9614,0.701380778,0.234705242,0.06391398
1259,0.299866777,0.141765709,0.558367514
9799,0.189483136,0.785153167,0.025363697
595,0.321739036,0.17322477,0.505036193
13916,0.189152173,0.77344143,0.037406397
2072,0.38510038,0.170918369,0.443981251
3373,0.189270028,0.785237529,0.025492443
9684,0.189299011,0.78521553,0.02548546
9159,0.155025643,0.125369809,0.719604548
13478,0.154481608,0.818397131,0.027121261
14729,0.187696321,0.774557041,0.037746639
10918,0.218709873,0.742523438,0.038766689
11611,0.211776804,0.749062404,0.039160792
17819,0.249163688,0.709581385,0.041254928
17274,0.322202124,0.173825948,0.503971928
253,0.167282159,0.119448414,0.713269427
10504,0.157508104,0.815609234,0.026882662
13012,0.729124149,0.205392624,0.065483227
15828,0.189116867,0.785082076,0.025801057
18056,0.188798606,0.784862378,0.026339016
11009,0.167395348,0.80386822,0.028736432
13653,0.189366248,0.785234348,0.025399404
8329,0.189331123,0.771373747,0.03929513
156,0.188941759,0.773109428,0.037948812
18014,0.189209128,0.784649692,0.02614118
2014,0.70046097,0.234201807,0.065337223
1122,0.167775064,0.805008615,0.027216321
17329,0.643618845,0.295612753,0.060768402
2877,0.188955577,0.773791691,0.037252732
10125,0.188519869,0.781695863,0.029784269
5972,0.158249709,0.777248865,0.064501426
4957,0.189141738,0.779355542,0.03150272
8501,0.362505021,0.185118554,0.452376425
18417,0.280963602,0.124184158,0.594852239
4012,0.188439154,0.774581701,0.036979145
13575,0.187700048,0.786005231,0.026294722
14546,0.189001989,0.772955444,0.038042566
12403,0.189321375,0.785272189,0.025406437
236,0.188812477,0.785701621,0.025485902
15805,0.265848595,0.695390554,0.038760851
1052,0.15463012,0.796550586,0.048819295
15084,0.253311987,0.703079388,0.043608625
11239,0.232171412,0.727833468,0.03999512
6191,0.18939779,0.785280694,0.025321515
11792,0.18207507,0.789767293,0.028157638
16090,0.188893517,0.77326493,0.037841553
8843,0.183076712,0.78926976,0.027653529
12914,0.189303904,0.785209428,0.025486668
8345,0.188947876,0.77676317,0.034288953
16801,0.148698916,0.825348496,0.025952587
14459,0.189544589,0.771539897,0.038915514
13139,0.189392311,0.785208377,0.025399311
7026,0.230621183,0.730204074,0.039174744
6008,0.198149273,0.720222684,0.081628043
18090,0.187386844,0.786274404,0.026338753
18514,0.189365088,0.785215401,0.025419511
267,0.32231056,0.173323065,0.504366375
9410,0.167851258,0.803415263,0.028733479
1202,0.18931327,0.785286668,0.025400062
4346,0.188764251,0.774056635,0.037179114
3589,0.189289373,0.785223977,0.02548665
6613,0.153543265,0.807486534,0.038970201
10139,0.189033865,0.772885498,0.038080637
554,0.583397272,0.354730962,0.061871766
13876,0.191317684,0.775424963,0.033257353
8173,0.322380325,0.173335004,0.504284671
15205,0.189147335,0.784748801,0.026103864
3010,0.161374745,0.772640126,0.065985128
14580,0.189056242,0.773312947,0.037630811
8113,0.188674329,0.784970457,0.026355214
9485,0.189307278,0.784370529,0.026322194
18517,0.189446016,0.780331599,0.030222385
15395,0.167305171,0.803474443,0.029220386
3223,0.17639947,0.795817826,0.027782704
13016,0.189249026,0.784290266,0.026460708
9819,0.16758632,0.803611919,0.028801761
12485,0.188761375,0.785686137,0.025552488
12664,0.189071527,0.773684713,0.037243759
10761,0.701303584,0.234860383,0.063836033
4787,0.178051952,0.793935779,0.02801227
2376,0.32232768,0.173847451,0.503824869
9858,0.19858061,0.759773177,0.041646213
18112,0.189356097,0.782335841,0.028308063
5833,0.701261192,0.234927599,0.063811209
14234,0.189402824,0.774183653,0.036413523
12547,0.233042403,0.72713953,0.039818067
1683,0.167947661,0.119890225,0.712162114
3177,0.190839544,0.163116944,0.646043512
5131,0.189373352,0.784516086,0.026110562
2989,0.573532109,0.369517379,0.056950512
18268,0.18232367,0.769254652,0.048421678
8165,0.291171482,0.132433391,0.576395127
14193,0.189439633,0.785162058,0.025398309
14202,0.189281636,0.784522932,0.026195433
8788,0.167255573,0.803356166,0.029388261
1273,0.189248058,0.773444341,0.037307602
1013,0.189352943,0.773949925,0.036697132
10073,0.322517492,0.173265634,0.504216874
5234,0.186960634,0.786643224,0.026396142
354,0.189305881,0.785157437,0.025536681
17030,0.189029696,0.774132686,0.036837618
17496,0.189224969,0.773437713,0.037337318
13772,0.221945905,0.745381508,0.032672587
7863,0.723357137,0.210699035,0.065943828
18447,0.199400225,0.130321886,0.670277888
10466,0.322013606,0.173086247,0.504900147
9902,0.189250681,0.785285853,0.025463466
1093,0.189140542,0.784927061,0.025932397
16271,0.189110295,0.774254709,0.036634996
4584,0.16775284,0.803447514,0.028799646
3335,0.252285885,0.707458465,0.040255649
10695,0.322369542,0.173854612,0.503775847
9569,0.211681586,0.749305491,0.039012923
791,0.196416909,0.774552987,0.029030104
101,0.18930266,0.784597093,0.026100247
9332,0.183001794,0.782329957,0.03466825
10287,0.638336521,0.300945964,0.060717516
6086,0.189411341,0.785196247,0.025392412
16461,0.706884894,0.222060724,0.071054381
12443,0.168789562,0.114245878,0.71696456
7440,0.189290148,0.774517111,0.036192742
9773,0.168174894,0.119418674,0.712406432
8518,0.188205466,0.77434519,0.037449344
9030,0.17853771,0.78009936,0.041362929
1461,0.198972993,0.758999977,0.04202703
15802,0.188885693,0.785605487,0.02550882
10281,0.189380605,0.785215311,0.025404084
3712,0.188775946,0.772549007,0.038675047
14320,0.175563683,0.759574462,0.064861855
7285,0.177907977,0.793739529,0.028352494
8532,0.189350987,0.785307711,0.025341302
13861,0.178038315,0.728823278,0.093138407
15669,0.182087407,0.7720192,0.045893393
9515,0.181550837,0.790173349,0.028275813
5699,0.213976811,0.746664562,0.039358627
13087,0.167797888,0.118522411,0.713679701
2036,0.329129205,0.123350531,0.547520264
13603,0.186121828,0.787675011,0.02620316
1649,0.133597687,0.836587558,0.029814755
11935,0.189231404,0.785073269,0.025695327
18051,0.167993186,0.119509274,0.71249754
2127,0.189298937,0.785212193,0.02548887
9765,0.322324618,0.17310856,0.504566822
655,0.747678531,0.184752126,0.067569344
12963,0.216696523,0.744652186,0.038651291
13450,0.189239224,0.785114748,0.025646028
16279,0.176296262,0.766211608,0.05749213
17945,0.189334377,0.78484794,0.025817683
8823,0.329076284,0.625387072,0.045536644
1772,0.165475804,0.117654523,0.716869673
17523,0.322445975,0.173160382,0.504393643
12404,0.769602706,0.156753473,0.073643821
6179,0.188427489,0.785977753,0.025594758
13531,0.183375882,0.788598477,0.02802564
3588,0.189410407,0.784983912,0.025605682
9429,0.189492748,0.785140384,0.025366867
7175,0.249375372,0.709324587,0.041300041
7452,0.77095626,0.164743364,0.064300376
1200,0.198605556,0.759485272,0.041909172
12298,0.167233539,0.803336676,0.029429785
6189,0.701320935,0.23479075,0.063888315
1181,0.189335345,0.784927618,0.025737037
10469,0.189314062,0.78497235,0.025713589
5760,0.189257364,0.785288257,0.025454378
16232,0.148414189,0.825336144,0.026249667
11345,0.713779155,0.221376877,0.064843968
4602,0.188756372,0.785565994,0.025677634
7363,0.195970991,0.743444372,0.060584637
10688,0.329522328,0.119100903,0.551376769
13870,0.300962971,0.134882795,0.564154234
915,0.189048488,0.773839914,0.037111598
8260,0.186409571,0.787590441,0.025999988
7376,0.189175822,0.785319545,0.025504633
1862,0.188826642,0.785000725,0.026172632
16179,0.483436292,0.462943657,0.053620051
512,0.189339889,0.785221111,0.025439
12553,0.189056348,0.784634649,0.026309003
17710,0.18930079,0.774515337,0.036183873
5309,0.716427807,0.220420837,0.063151357
2800,0.189474219,0.784806401,0.025719379
16338,0.148800675,0.824161587,0.027037738
6193,0.152546943,0.821038551,0.026414506
11749,0.200120486,0.766908017,0.032971497
5076,0.178297219,0.793088946,0.028613835
14174,0.189016194,0.774532414,0.036451392
1870,0.322079236,0.173956775,0.503963989
10919,0.187167313,0.786947586,0.025885101
7089,0.189661331,0.785137704,0.025200965
2023,0.701388431,0.234583063,0.064028506
17572,0.149484164,0.823861964,0.026653871
15937,0.180345273,0.781750194,0.037904532
9940,0.364309141,0.137600766,0.498090093
13047,0.189296081,0.78194998,0.028753939
7548,0.216656907,0.74469509,0.038648003
10373,0.168414927,0.126245013,0.705340059
930,0.188685708,0.774273907,0.037040385
10215,0.189242483,0.785012008,0.025745509
744,0.189169669,0.773253516,0.037576815
16854,0.189308919,0.785210186,0.025480895
12956,0.189122647,0.785334707,0.025542646
14205,0.189341858,0.784894017,0.025764125
1894,0.175850205,0.758816193,0.065333602
6549,0.252994116,0.714036162,0.032969722
6430,0.189203624,0.784924859,0.025871516
5999,0.189199148,0.772565321,0.038235532
15999,0.189500142,0.785130706,0.025369152
16236,0.189271194,0.774517814,0.036210992
16282,0.158277435,0.777226874,0.064495691
2487,0.16633334,0.117960162,0.715706497
3969,0.32232768,0.173847451,0.503824869
117,0.211672767,0.749384897,0.038942336
14122,0.189326341,0.784898841,0.025774819
14135,0.198927239,0.759072578,0.042000183
1637,0.148636523,0.825270429,0.026093048
7707,0.148449806,0.821935325,0.02961487
4528,0.183597112,0.790624437,0.025778451
6200,0.188976464,0.785171133,0.025852402
13119,0.187295927,0.786793156,0.025910917
5512,0.188763641,0.776813336,0.034423023
3955,0.188621305,0.781464185,0.02991451
5617,0.198811404,0.759234376,0.04195422
942,0.189078785,0.785490581,0.025430634
2172,0.301145637,0.134818633,0.564035729
18390,0.16747136,0.805059418,0.027469222
3961,0.212340346,0.745357959,0.042301695
4150,0.189047971,0.77285585,0.038096179
8191,0.148554871,0.825438089,0.026007039
15520,0.251483768,0.701530788,0.046985443
11898,0.188731659,0.784920608,0.026347733
5489,0.197413496,0.761877875,0.040708628
15038,0.167628995,0.803631691,0.028739314
7964,0.189321375,0.785272189,0.025406437
3779,0.158246881,0.814498886,0.027254233
13285,0.189308036,0.784860824,0.02583114
8110,0.6834727,0.253685718,0.062841582
15417,0.188766473,0.774500288,0.036733239
739,0.168112753,0.789454831,0.042432416
7741,0.300953139,0.134785245,0.564261616
1801,0.233228607,0.730937067,0.035834326
8015,0.188783213,0.774041586,0.037175201
10878,0.321732409,0.174497948,0.503769643
9275,0.207448359,0.754941222,0.037610419
